 Part 4 Neuron Network Loss Function Calcualtion Math

import numpy as np

# Loss values
loss_values = [
    1.10515099, 1.08288964, 1.06459177, 1.04575564, 1.02418949, 0.99921033,
    0.97061795, 0.93836906, 0.90279634, 0.86228706, 0.81577092, 0.76512504,
    0.71112384, 0.65468167, 0.59735994, 0.54175131, 0.49007853, 0.44197367,
    0.39838536, 0.35650515, 0.31432814, 0.27201633, 0.23154379, 0.19391160,
    0.16091463, 0.13383057, 0.11210843, 0.09465132, 0.07992111, 0.06878273,
    0.06168768, 0.05946300, 0.05975770, 0.05986791, 0.05822566, 0.05511846,
    0.05195549, 0.04980040, 0.04881138, 0.04810914, 0.04749089, 0.04663322,
    0.04559489, 0.04463970, 0.04365780, 0.04285417, 0.04052537, 0.03823625,
    0.03685784, 0.03625989, 0.03548133, 0.03354539, 0.03149341, 0.03038547,
    0.03002783, 0.02934357, 0.02801326, 0.02669648, 0.02578789, 0.02512467,
    0.02479759, 0.02426399, 0.02349663, 0.02204703, 0.02049856, 0.01935882,
    0.01859563, 0.01788178, 0.01702645, 0.01588520, 0.01458575, 0.01350825,
    0.01271477, 0.01190962, 0.01099562, 0.00991902, 0.00898889, 0.00827770,
    0.00747012, 0.00663702, 0.00606623, 0.00549427, 0.00488579, 0.00442999,
    0.00391387, 0.00349088, 0.00310737, 0.00278205, 0.00248119, 0.00223947,
    0.00199883, 0.00181600, 0.00163237, 0.00148158, 0.00135273, 0.00122594,
    0.00112923, 0.00104743, 0.00097407, 0.00091119, 0.00085776, 0.00080805,
    0.00076368, 0.00072665, 0.00069432, 0.00066425, 0.00063719
]

# Calculate L2 norm
loss_norm = np.sqrt(np.sum(np.array(loss_values) ** 2))
print(f'Loss Function Norm: {loss_norm:.3f}')
